v1
0.9974507436316925
-1.994901487263385
0.9974507436316925
1.0
-1.9740843634815846
0.9744158988168621
0.9846660424456317
-1.8891507611001563
0.9103263477718271
1
-1.8891507611001563
0.8949923902174588
1.029926756944532
-1.832076711084677
0.824987020797086
1
-1.832076711084677
0.854913777741618
0.809784033195007
-1
0
1
-0.809784033195007
0
0.809784033195007
-1
0
1
-0.809784033195007
0
1.2001425137678867
-1.4538177111870563
0.5329936806534185
1
-1.1260844933776477
0.4054029766118965